; Generated by GPSMapEdit 2.1.78.8

[IMG ID]
CodePage=1252
LblCoding=9
ID=10000001
Name=St-Hilaire
Elevation=M
Preprocess=G
TreSize=500
TreMargin=0.00000
RgnLimit=1024
Transparent=Y
POIIndex=Y
POINumberFirst=Y
POIZipFirst=N
DrawPriority=1
Levels=5
Level0=24
Level1=22
Level2=20
Level3=19
Level4=18
Zoom0=0
Zoom1=1
Zoom2=2
Zoom3=3
Zoom4=4
[END-IMG ID]

[POLYLINE]
Type=0xa
Label=TRAIL TOUR
EndLevel=2
Data0=(45.51846,-73.20113),(45.51844,-73.20109),(45.51829,-73.20102),(45.51825,-73.20090),(45.51822,-73.20077),(45.51822,-73.20064),(45.51829,-73.20051),(45.51833,-73.20034),(45.51840,-73.20023),(45.51846,-73.20006),(45.51855,-73.19993),(45.51852,-73.19972),(45.51857,-73.19965),(45.51863,-73.19950),(45.51870,-73.19935),(45.51872,-73.19918),(45.51880,-73.19907),(45.51885,-73.19892),(45.51889,-73.19892),(45.51898,-73.19894),(45.51900,-73.19903),(45.51913,-73.19907),(45.51919,-73.19920),(45.51923,-73.19935),(45.51928,-73.19950),(45.51932,-73.19954),(45.51940,-73.19965),(45.51951,-73.19972),(45.51960,-73.19976),(45.51964,-73.19989),(45.51968,-73.20002),(45.51973,-73.20014),(45.51981,-73.20023),(45.51986,-73.20032),(45.51990,-73.20040),(45.51994,-73.20049),(45.52007,-73.20064),(45.52016,-73.20077),(45.52022,-73.20087),(45.52028,-73.20098),(45.52031,-73.20109),(45.52026,-73.20113),(45.52031,-73.20120),(45.52035,-73.20132),(45.52039,-73.20141),(45.52043,-73.20154),(45.52050,-73.20167),(45.52056,-73.20180),(45.52061,-73.20195),(45.52063,-73.20199),(45.52076,-73.20208),(45.52084,-73.20214),(45.52099,-73.20225),(45.52104,-73.20233),(45.52104,-73.20229),(45.52110,-73.20233),(45.52116,-73.20242),(45.52129,-73.20253),(45.52140,-73.20263),(45.52151,-73.20274),(45.52155,-73.20285),(45.52164,-73.20296),(45.52170,-73.20313),(45.52181,-73.20323),(45.52187,-73.20336),(45.52194,-73.20347),(45.52204,-73.20358),(45.52217,-73.20371),(45.52222,-73.20379),(45.52224,-73.20390),(45.52228,-73.20407),(45.52232,-73.20418),(45.52241,-73.20429),(45.52249,-73.20437),(45.52256,-73.20450),(45.52262,-73.20465),(45.52271,-73.20480),(45.52282,-73.20493),(45.52286,-73.20510),(45.52288,-73.20529)
[END]

[POLYLINE]
Type=0xa
Label=TRAIL TOUR
EndLevel=2
Data0=(45.51947,-73.20195),(45.51943,-73.20190),(45.51936,-73.20184),(45.51928,-73.20175),(45.51921,-73.20178),(45.51917,-73.20175),(45.51910,-73.20175),(45.51904,-73.20165),(45.51900,-73.20158),(45.51891,-73.20152),(45.51887,-73.20148),(45.51878,-73.20141),(45.51870,-73.20132),(45.51865,-73.20124),(45.51855,-73.20122),(45.51848,-73.20113),(45.51846,-73.20113),(45.51850,-73.20126),(45.51850,-73.20135),(45.51852,-73.20145),(45.51859,-73.20158),(45.51859,-73.20165)
[END]

[POLYGON]
Type=0x4b
Background=Y
Data1=(45.52458,-73.20787),(45.51320,-73.20787),(45.51320,-73.19274),(45.52458,-73.19274)
Transparent=Y
[END]

